1.600000 0.000000 0.000000 
1.621734 0.000000 0.000000 
1.643112 0.000000 0.000000 
1.664139 0.000000 0.000000 
1.684818 0.000000 0.000000 
1.705152 0.000000 0.000000 
1.725145 0.000000 0.000000 
1.744802 0.000000 0.000000 
1.764126 0.000000 0.000000 
1.783121 0.000000 0.000000 
1.801789 0.000000 0.000000 
1.820137 0.000000 0.000000 
1.838165 0.000000 0.000000 
1.855880 0.000000 0.000000 
1.873284 0.000000 0.000000 
1.890381 0.000000 0.000000 
1.907175 0.000000 0.000000 
1.923670 0.000000 0.000000 
1.939869 0.000000 0.000000 
1.955777 0.000000 0.000000 
1.971396 0.000000 0.000000 
1.986731 0.000000 0.000000 
2.001786 0.000000 0.000000 
2.016563 0.000000 0.000000 
2.031068 0.000000 0.000000 
2.045303 0.000000 0.000000 
2.059272 0.000000 0.000000 
2.072980 0.000000 0.000000 
2.086430 0.000000 0.000000 
2.099625 0.000000 0.000000 
2.112570 0.000000 0.000000 
2.125268 0.000000 0.000000 
2.137723 0.000000 0.000000 
2.149938 0.000000 0.000000 
2.161918 0.000000 0.000000 
2.173666 0.000000 0.000000 
2.185186 0.000000 0.000000 
2.196482 0.000000 0.000000 
2.207557 0.000000 0.000000 
2.218415 0.000000 0.000000 
2.229060 0.000000 0.000000 
2.239496 0.000000 0.000000 
2.249726 0.000000 0.000000 
2.259754 0.000000 0.000000 
2.269585 0.000000 0.000000 
2.279221 0.000000 0.000000 
2.288665 0.000000 0.000000 
2.297924 0.000000 0.000000 
2.307000 0.000000 0.000000 
2.315895 0.000000 0.000000 
2.324616 0.000000 0.000000 
2.333165 0.000000 0.000000 
2.341544 0.000000 0.000000 
2.349761 0.000000 0.000000 
2.357816 0.000000 0.000000 
2.365715 0.000000 0.000000 
2.373461 0.000000 0.000000 
2.381057 0.000000 0.000000 
2.388507 0.000000 0.000000 
2.395816 0.000000 0.000000 
2.402987 0.000000 0.000000 
2.410023 0.000000 0.000000 
2.416929 0.000000 0.000000 
2.423708 0.000000 0.000000 
2.430363 0.000000 0.000000 
2.436900 0.000000 0.000000 
2.443320 0.000000 0.000000 
2.449629 0.000000 0.000000 
2.455830 0.000000 0.000000 
2.461926 0.000000 0.000000 
2.467922 0.000000 0.000000 
2.473821 0.000000 0.000000 
2.479627 0.000000 0.000000 
2.485343 0.000000 0.000000 
2.490974 0.000000 0.000000 
2.496523 0.000000 0.000000 
2.501994 0.000000 0.000000 
2.507391 0.000000 0.000000 
2.512717 0.000000 0.000000 
2.517976 0.000000 0.000000 
2.523172 0.000000 0.000000 
2.528308 0.000000 0.000000 
2.533389 0.000000 0.000000 
2.538418 0.000000 0.000000 
2.543399 0.000000 0.000000 
2.548336 0.000000 0.000000 
2.553232 0.000000 0.000000 
2.558091 0.000000 0.000000 
2.562917 0.000000 0.000000 
2.567713 0.000000 0.000000 
2.572485 0.000000 0.000000 
2.577234 0.000000 0.000000 
2.581964 0.000000 0.000000 
2.586681 0.000000 0.000000 
2.591388 0.000000 0.000000 
2.596087 0.000000 0.000000 
2.600782 0.000000 0.000000 
2.605479 0.000000 0.000000 
2.610180 0.000000 0.000000 
2.614890 0.000000 0.000000 
2.619611 0.000000 0.000000 
2.624347 0.000000 0.000000 
2.629103 0.000000 0.000000 
2.633882 0.000000 0.000000 
2.638688 0.000000 0.000000 
2.643525 0.000000 0.000000 
2.648396 0.000000 0.000000 
2.653305 0.000000 0.000000 
2.658256 0.000000 0.000000 
2.663253 0.000000 0.000000 
2.668298 0.000000 0.000000 
2.673398 0.000000 0.000000 
2.678554 0.000000 0.000000 
2.683770 0.000000 0.000000 
2.689051 0.000000 0.000000 
2.694400 0.000000 0.000000 
2.699821 0.000000 0.000000 
2.705317 0.000000 0.000000 
2.710893 0.000000 0.000000 
2.716552 0.000000 0.000000 
2.722298 0.000000 0.000000 
2.728135 0.000000 0.000000 
2.734066 0.000000 0.000000 
2.740094 0.000000 0.000000 
2.746225 0.000000 0.000000 
2.752462 0.000000 0.000000 
2.758807 0.000000 0.000000 
2.765266 0.000000 0.000000 
2.771842 0.000000 0.000000 
2.778538 0.000000 0.000000 
2.785359 0.000000 0.000000 
2.792308 0.000000 0.000000 
2.799388 0.000000 0.000000 
2.806605 0.000000 0.000000 
2.813960 0.000000 0.000000 
2.821459 0.000000 0.000000 
2.829104 0.000000 0.000000 
2.836901 0.000000 0.000000 
2.844851 0.000000 0.000000 
2.852960 0.000000 0.000000 
2.861230 0.000000 0.000000 
2.869666 0.000000 0.000000 
2.878272 0.000000 0.000000 
2.887050 0.000000 0.000000 
2.896006 0.000000 0.000000 
2.905141 0.000000 0.000000 
2.914462 0.000000 0.000000 
2.923970 0.000000 0.000000 
2.933671 0.000000 0.000000 
2.943566 0.000000 0.000000 
2.953661 0.000000 0.000000 
2.963960 0.000000 0.000000 
2.974465 0.000000 0.000000 
2.985181 0.000000 0.000000 
2.996110 0.000000 0.000000 
3.007259 0.000000 0.000000 
3.018629 0.000000 0.000000 
3.030224 0.000000 0.000000 
3.042049 0.000000 0.000000 
3.054107 0.000000 0.000000 
3.066402 0.000000 0.000000 
3.078938 0.000000 0.000000 
3.091717 0.000000 0.000000 
3.104745 0.000000 0.000000 
3.118025 0.000000 0.000000 
3.131560 0.000000 0.000000 
3.145355 0.000000 0.000000 
3.159413 0.000000 0.000000 
3.173737 0.000000 0.000000 
3.188332 0.000000 0.000000 
3.203202 0.000000 0.000000 
3.218349 0.000000 0.000000 
3.233778 0.000000 0.000000 
3.249493 0.000000 0.000000 
3.265498 0.000000 0.000000 
3.281795 0.000000 0.000000 
3.298389 0.000000 0.000000 
3.315284 0.000000 0.000000 
3.332483 0.000000 0.000000 
3.349990 0.000000 0.000000 
3.367809 0.000000 0.000000 
3.385944 0.000000 0.000000 
3.404397 0.000000 0.000000 
3.423175 0.000000 0.000000 
3.442278 0.000000 0.000000 
3.461713 0.000000 0.000000 
3.481481 0.000000 0.000000 
3.501588 0.000000 0.000000 
3.522037 0.000000 0.000000 
3.542831 0.000000 0.000000 
3.563974 0.000000 0.000000 
3.585471 0.000000 0.000000 
3.607291 0.000000 -0.000018 
3.629014 0.000000 -0.000289 
3.650508 0.000000 -0.000882 
3.671773 0.000000 -0.001794 
3.692810 0.000000 -0.003021 
3.713617 0.000000 -0.004560 
3.734197 0.000000 -0.006407 
3.754547 0.000000 -0.008559 
3.774669 0.000000 -0.011013 
3.794562 0.000000 -0.013766 
3.814227 0.000000 -0.016813 
3.833663 0.000000 -0.020151 
3.852870 0.000000 -0.023778 
3.871849 0.000000 -0.027689 
3.890599 0.000000 -0.031882 
3.909120 0.000000 -0.036352 
3.927412 0.000000 -0.041097 
3.945477 0.000000 -0.046112 
3.963312 0.000000 -0.051395 
3.980919 0.000000 -0.056943 
3.998297 0.000000 -0.062751 
4.015446 0.000000 -0.068816 
4.032366 0.000000 -0.075136 
4.049058 0.000000 -0.081706 
4.065522 0.000000 -0.088523 
4.081757 0.000000 -0.095583 
4.097763 0.000000 -0.102885 
4.113540 0.000000 -0.110422 
4.129089 0.000000 -0.118194 
4.144409 0.000000 -0.126195 
4.159500 0.000000 -0.134424 
4.174363 0.000000 -0.142875 
4.188997 0.000000 -0.151546 
4.203403 0.000000 -0.160434 
4.217579 0.000000 -0.169535 
4.231527 0.000000 -0.178845 
4.245246 0.000000 -0.188362 
4.258738 0.000000 -0.198081 
4.272000 0.000000 -0.208000 
4.285033 0.000000 -0.218115 
4.297838 0.000000 -0.228422 
4.310414 0.000000 -0.238919 
4.322762 0.000000 -0.249601 
4.334881 0.000000 -0.260466 
4.346771 0.000000 -0.271510 
4.358432 0.000000 -0.282729 
4.369865 0.000000 -0.294120 
4.381070 0.000000 -0.305680 
4.392045 0.000000 -0.317405 
4.402792 0.000000 -0.329293 
4.413311 0.000000 -0.341338 
4.423600 0.000000 -0.353539 
4.433661 0.000000 -0.365892 
4.443493 0.000000 -0.378393 
4.453097 0.000000 -0.391038 
4.462471 0.000000 -0.403826 
4.471618 0.000000 -0.416751 
4.480536 0.000000 -0.429811 
4.489225 0.000000 -0.443001 
4.497685 0.000000 -0.456320 
4.505917 0.000000 -0.469764 
4.513920 0.000000 -0.483328 
4.521694 0.000000 -0.497010 
4.529240 0.000000 -0.510806 
4.536558 0.000000 -0.524713 
4.543645 0.000000 -0.538727 
4.550505 0.000000 -0.552845 
4.557137 0.000000 -0.567064 
4.563539 0.000000 -0.581380 
4.569713 0.000000 -0.595790 
4.575657 0.000000 -0.610289 
4.581374 0.000000 -0.624876 
4.586862 0.000000 -0.639547 
4.592121 0.000000 -0.654297 
4.597152 0.000000 -0.669124 
4.601953 0.000000 -0.684025 
4.606526 0.000000 -0.698995 
4.610871 0.000000 -0.714032 
4.614987 0.000000 -0.729132 
4.618874 0.000000 -0.744291 
4.622532 0.000000 -0.759507 
4.625962 0.000000 -0.774776 
4.629164 0.000000 -0.790093 
4.632136 0.000000 -0.805457 
4.634880 0.000000 -0.820864 
4.637395 0.000000 -0.836310 
4.639681 0.000000 -0.851791 
4.641740 0.000000 -0.867306 
4.643569 0.000000 -0.882848 
4.645170 0.000000 -0.898417 
4.646542 0.000000 -0.914008 
4.647685 0.000000 -0.929617 
4.648600 0.000000 -0.945242 
4.649285 0.000000 -0.960878 
4.649743 0.000000 -0.976524 
4.649971 0.000000 -0.992174 
4.649971 0.000000 -1.007826 
4.649743 0.000000 -1.023476 
4.649286 0.000000 -1.039121 
4.648599 0.000000 -1.054758 
4.647685 0.000000 -1.070383 
4.646542 0.000000 -1.085993 
4.645169 0.000000 -1.101583 
4.643569 0.000000 -1.117152 
4.641740 0.000000 -1.132694 
4.639681 0.000000 -1.148209 
4.637395 0.000000 -1.163690 
4.634880 0.000000 -1.179136 
4.632136 0.000000 -1.194543 
4.629163 0.000000 -1.209907 
4.625962 0.000000 -1.225225 
4.622532 0.000000 -1.240493 
4.618874 0.000000 -1.255709 
4.614987 0.000000 -1.270868 
4.610871 0.000000 -1.285969 
4.606526 0.000000 -1.301005 
4.601953 0.000000 -1.315975 
4.597151 0.000000 -1.330876 
4.592121 0.000000 -1.345703 
4.586862 0.000000 -1.360454 
4.581374 0.000000 -1.375124 
4.575657 0.000000 -1.389711 
4.569713 0.000000 -1.404211 
4.563539 0.000000 -1.418621 
4.557137 0.000000 -1.432936 
4.550505 0.000000 -1.447155 
4.543645 0.000000 -1.461273 
4.536557 0.000000 -1.475287 
4.529240 0.000000 -1.489194 
4.521694 0.000000 -1.502990 
4.513920 0.000000 -1.516672 
4.505917 0.000000 -1.530236 
4.497685 0.000000 -1.543679 
4.489225 0.000000 -1.556998 
4.480536 0.000000 -1.570189 
4.471618 0.000000 -1.583249 
4.462472 0.000000 -1.596175 
4.453097 0.000000 -1.608962 
4.443493 0.000000 -1.621607 
4.433661 0.000000 -1.634108 
4.423600 0.000000 -1.646461 
4.413311 0.000000 -1.658661 
4.402792 0.000000 -1.670707 
4.392045 0.000000 -1.682595 
4.381070 0.000000 -1.694320 
4.369866 0.000000 -1.705880 
4.358432 0.000000 -1.717271 
4.346771 0.000000 -1.728490 
4.334881 0.000000 -1.739534 
4.322762 0.000000 -1.750399 
4.310414 0.000000 -1.761081 
4.297838 0.000000 -1.771578 
4.285033 0.000000 -1.781885 
4.272000 0.000000 -1.792000 
4.258738 0.000000 -1.801919 
4.245247 0.000000 -1.811638 
4.231528 0.000000 -1.821155 
4.217579 0.000000 -1.830466 
4.203403 0.000000 -1.839566 
4.188997 0.000000 -1.848454 
4.174363 0.000000 -1.857125 
4.159500 0.000000 -1.865577 
4.144409 0.000000 -1.873805 
4.129089 0.000000 -1.881806 
4.113540 0.000000 -1.889578 
4.097763 0.000000 -1.897115 
4.081757 0.000000 -1.904417 
4.065522 0.000000 -1.911477 
4.049059 0.000000 -1.918294 
4.032367 0.000000 -1.924864 
4.015446 0.000000 -1.931184 
3.998297 0.000000 -1.937249 
3.980919 0.000000 -1.943057 
3.963312 0.000000 -1.948605 
3.945477 0.000000 -1.953888 
3.927413 0.000000 -1.958903 
3.909120 0.000000 -1.963648 
3.890599 0.000000 -1.968118 
3.871849 0.000000 -1.972311 
3.852870 0.000000 -1.976222 
3.833663 0.000000 -1.979849 
3.814227 0.000000 -1.983187 
3.794562 0.000000 -1.986234 
3.774669 0.000000 -1.988987 
3.754548 0.000000 -1.991441 
3.734197 0.000000 -1.993593 
3.713617 0.000000 -1.995440 
3.692809 0.000000 -1.996979 
3.671774 0.000000 -1.998206 
3.650508 0.000000 -1.999118 
3.629014 0.000000 -1.999711 
3.607291 0.000000 -1.999982 
3.585442 0.000000 -1.999928 
3.563796 0.000000 -1.999549 
3.542378 0.000000 -1.998849 
3.521189 0.000000 -1.997832 
3.500229 0.000000 -1.996501 
3.479498 0.000000 -1.994859 
3.458994 0.000000 -1.992909 
3.438720 0.000000 -1.990656 
3.418674 0.000000 -1.988102 
3.398858 0.000000 -1.985251 
3.379269 0.000000 -1.982106 
3.359909 0.000000 -1.978671 
3.340778 0.000000 -1.974950 
3.321876 0.000000 -1.970944 
3.303203 0.000000 -1.966659 
3.284757 0.000000 -1.962097 
3.266541 0.000000 -1.957261 
3.248552 0.000000 -1.952156 
3.230794 0.000000 -1.946785 
3.213263 0.000000 -1.941150 
3.195961 0.000000 -1.935256 
3.178888 0.000000 -1.929105 
3.162044 0.000000 -1.922702 
3.145428 0.000000 -1.916049 
3.129041 0.000000 -1.909151 
3.112882 0.000000 -1.902009 
3.096953 0.000000 -1.894629 
3.081252 0.000000 -1.887013 
3.065779 0.000000 -1.879164 
3.050535 0.000000 -1.871087 
3.035520 0.000000 -1.862784 
3.020734 0.000000 -1.854259 
3.006176 0.000000 -1.845515 
2.991846 0.000000 -1.836556 
2.977746 0.000000 -1.827385 
2.963874 0.000000 -1.818006 
2.950231 0.000000 -1.808421 
2.936816 0.000000 -1.798635 
2.923630 0.000000 -1.788650 
2.910673 0.000000 -1.778471 
2.897944 0.000000 -1.768100 
2.885444 0.000000 -1.757541 
2.873173 0.000000 -1.746797 
2.861130 0.000000 -1.735873 
2.849316 0.000000 -1.724770 
2.837731 0.000000 -1.713493 
2.826374 0.000000 -1.702045 
2.815246 0.000000 -1.690429 
2.804347 0.000000 -1.678650 
2.793676 0.000000 -1.666709 
2.783234 0.000000 -1.654612 
2.773021 0.000000 -1.642359 
2.763036 0.000000 -1.629957 
2.753280 0.000000 -1.617408 
2.743753 0.000000 -1.604715 
2.734454 0.000000 -1.591881 
2.725384 0.000000 -1.578911 
2.716542 0.000000 -1.565807 
2.707929 0.000000 -1.552573 
2.699546 0.000000 -1.539212 
2.691390 0.000000 -1.525728 
2.683463 0.000000 -1.512124 
2.675765 0.000000 -1.498404 
2.668296 0.000000 -1.484571 
2.661054 0.000000 -1.470627 
2.654042 0.000000 -1.456578 
2.647259 0.000000 -1.442426 
2.640704 0.000000 -1.428174 
2.634378 0.000000 -1.413827 
2.628280 0.000000 -1.399387 
2.622411 0.000000 -1.384858 
2.616771 0.000000 -1.370243 
2.611360 0.000000 -1.355546 
2.606177 0.000000 -1.340769 
2.601223 0.000000 -1.325917 
2.596497 0.000000 -1.310993 
2.592000 0.000000 -1.296000 
2.587732 0.000000 -1.280942 
2.583692 0.000000 -1.265822 
2.579881 0.000000 -1.250643 
2.576299 0.000000 -1.235409 
2.572945 0.000000 -1.220124 
2.569820 0.000000 -1.204791 
2.566924 0.000000 -1.189412 
2.564256 0.000000 -1.173992 
2.561817 0.000000 -1.158533 
2.559607 0.000000 -1.143041 
2.557625 0.000000 -1.127517 
2.555872 0.000000 -1.111964 
2.554348 0.000000 -1.096388 
2.553052 0.000000 -1.080791 
2.551985 0.000000 -1.065177 
2.551146 0.000000 -1.049547 
2.550537 0.000000 -1.033907 
2.550156 0.000000 -1.018260 
2.550003 0.000000 -1.002609 
2.550079 0.000000 -0.986957 
2.550384 0.000000 -0.971308 
2.550918 0.000000 -0.955665 
2.551680 0.000000 -0.940032 
2.552671 0.000000 -0.924412 
2.553890 0.000000 -0.908808 
2.555339 0.000000 -0.893225 
2.557015 0.000000 -0.877664 
2.558921 0.000000 -0.862131 
2.561055 0.000000 -0.846627 
2.563418 0.000000 -0.831157 
2.566009 0.000000 -0.815724 
2.568829 0.000000 -0.800331 
2.571878 0.000000 -0.784982 
2.575156 0.000000 -0.769680 
2.578662 0.000000 -0.754429 
2.582397 0.000000 -0.739232 
2.586360 0.000000 -0.724092 
2.590552 0.000000 -0.709012 
2.594973 0.000000 -0.693997 
2.599622 0.000000 -0.679050 
2.604500 0.000000 -0.664173 
2.609607 0.000000 -0.649372 
2.614942 0.000000 -0.634647 
2.620506 0.000000 -0.620004 
2.626299 0.000000 -0.605446 
2.632320 0.000000 -0.590976 
2.638570 0.000000 -0.576597 
2.645049 0.000000 -0.562313 
2.651756 0.000000 -0.548128 
2.658692 0.000000 -0.534044 
2.665856 0.000000 -0.520065 
2.673250 0.000000 -0.506195 
2.680872 0.000000 -0.492436 
2.688722 0.000000 -0.478793 
2.696801 0.000000 -0.465269 
2.705110 0.000000 -0.451867 
2.713646 0.000000 -0.438590 
2.722411 0.000000 -0.425443 
2.731405 0.000000 -0.412427 
2.740628 0.000000 -0.399548 
2.750079 0.000000 -0.386807 
2.759759 0.000000 -0.374209 
2.769667 0.000000 -0.361758 
2.779804 0.000000 -0.349456 
2.790170 0.000000 -0.337306 
2.800765 0.000000 -0.325313 
2.811587 0.000000 -0.313479 
2.822640 0.000000 -0.301808 
2.833920 0.000000 -0.290304 
2.845429 0.000000 -0.278970 
2.857167 0.000000 -0.267808 
2.869133 0.000000 -0.256824 
2.881328 0.000000 -0.246020 
2.893752 0.000000 -0.235399 
2.906404 0.000000 -0.224965 
2.919285 0.000000 -0.214722 
2.932395 0.000000 -0.204672 
2.945734 0.000000 -0.194819 
2.959301 0.000000 -0.185167 
2.973097 0.000000 -0.175718 
2.987121 0.000000 -0.166478 
3.001374 0.000000 -0.157448 
3.015855 0.000000 -0.148632 
3.030566 0.000000 -0.140033 
3.045505 0.000000 -0.131656 
3.060673 0.000000 -0.123503 
3.076069 0.000000 -0.115578 
3.091693 0.000000 -0.107884 
3.107548 0.000000 -0.100424 
3.123629 0.000000 -0.093203 
3.139940 0.000000 -0.086223 
3.156480 0.000000 -0.079488 
3.173248 0.000000 -0.073001 
3.190245 0.000000 -0.066766 
3.207471 0.000000 -0.060786 
3.224924 0.000000 -0.055065 
3.242608 0.000000 -0.049605 
3.260520 0.000000 -0.044410 
3.278659 0.000000 -0.039485 
3.297028 0.000000 -0.034831 
3.315625 0.000000 -0.030453 
3.334452 0.000000 -0.026354 
3.353507 0.000000 -0.022537 
3.372791 0.000000 -0.019006 
3.392302 0.000000 -0.015765 
3.412043 0.000000 -0.012815 
3.432013 0.000000 -0.010162 
3.452211 0.000000 -0.007808 
3.472637 0.000000 -0.005757 
3.493293 0.000000 -0.004012 
3.514177 0.000000 -0.002577 
3.535290 0.000000 -0.001455 
3.556631 0.000000 -0.000649 
3.578201 0.000000 -0.000163 
3.600000 0.000000 0.000000 
3.621799 0.000000 0.000163 
3.643369 0.000000 0.000649 
3.664710 0.000000 0.001455 
3.685823 0.000000 0.002577 
3.706707 0.000000 0.004012 
3.727362 0.000000 0.005757 
3.747789 0.000000 0.007808 
3.767987 0.000000 0.010162 
3.787956 0.000000 0.012815 
3.807698 0.000000 0.015765 
3.827210 0.000000 0.019007 
3.846493 0.000000 0.022537 
3.865547 0.000000 0.026354 
3.884374 0.000000 0.030453 
3.902972 0.000000 0.034831 
3.921340 0.000000 0.039485 
3.939480 0.000000 0.044410 
3.957392 0.000000 0.049605 
3.975076 0.000000 0.055065 
3.992530 0.000000 0.060786 
4.009755 0.000000 0.066766 
4.026751 0.000000 0.073001 
4.043519 0.000000 0.079488 
4.060060 0.000000 0.086223 
4.076370 0.000000 0.093203 
4.092453 0.000000 0.100424 
4.108306 0.000000 0.107884 
4.123932 0.000000 0.115578 
4.139328 0.000000 0.123503 
4.154496 0.000000 0.131656 
4.169434 0.000000 0.140033 
4.184144 0.000000 0.148631 
4.198627 0.000000 0.157448 
4.212879 0.000000 0.166478 
4.226903 0.000000 0.175718 
4.240700 0.000000 0.185167 
4.254267 0.000000 0.194820 
4.267605 0.000000 0.204672 
4.280714 0.000000 0.214721 
4.293595 0.000000 0.224965 
4.306248 0.000000 0.235399 
4.318672 0.000000 0.246020 
4.330867 0.000000 0.256824 
4.342833 0.000000 0.267808 
4.354571 0.000000 0.278970 
4.366080 0.000000 0.290305 
4.377361 0.000000 0.301809 
4.388412 0.000000 0.313479 
4.399235 0.000000 0.325312 
4.409830 0.000000 0.337306 
4.420196 0.000000 0.349456 
4.430333 0.000000 0.361758 
4.440241 0.000000 0.374209 
4.449922 0.000000 0.386808 
4.459373 0.000000 0.399548 
4.468595 0.000000 0.412427 
4.477589 0.000000 0.425442 
4.486353 0.000000 0.438590 
4.494891 0.000000 0.451867 
4.503199 0.000000 0.465269 
4.511278 0.000000 0.478793 
4.519128 0.000000 0.492436 
4.526751 0.000000 0.506195 
4.534143 0.000000 0.520066 
4.541308 0.000000 0.534044 
4.548244 0.000000 0.548128 
4.554951 0.000000 0.562313 
4.561430 0.000000 0.576597 
4.567680 0.000000 0.590976 
4.573701 0.000000 0.605446 
4.579494 0.000000 0.620004 
4.585058 0.000000 0.634648 
4.590393 0.000000 0.649371 
4.595500 0.000000 0.664173 
4.600378 0.000000 0.679050 
4.605027 0.000000 0.693997 
4.609448 0.000000 0.709012 
4.613640 0.000000 0.724092 
4.617604 0.000000 0.739232 
4.621338 0.000000 0.754429 
4.624845 0.000000 0.769681 
4.628122 0.000000 0.784982 
4.631171 0.000000 0.800331 
4.633991 0.000000 0.815724 
4.636582 0.000000 0.831157 
4.638946 0.000000 0.846627 
4.641079 0.000000 0.862131 
4.642985 0.000000 0.877665 
4.644661 0.000000 0.893225 
4.646110 0.000000 0.908809 
4.647329 0.000000 0.924412 
4.648320 0.000000 0.940032 
4.649082 0.000000 0.955665 
4.649616 0.000000 0.971308 
4.649920 0.000000 0.986957 
4.649997 0.000000 1.002609 
4.649845 0.000000 1.018260 
4.649463 0.000000 1.033907 
4.648854 0.000000 1.049546 
4.648015 0.000000 1.065176 
4.646948 0.000000 1.080791 
4.645652 0.000000 1.096388 
4.644128 0.000000 1.111964 
4.642375 0.000000 1.127517 
4.640393 0.000000 1.143041 
4.638183 0.000000 1.158534 
4.635744 0.000000 1.173992 
4.633076 0.000000 1.189411 
4.630180 0.000000 1.204790 
4.627055 0.000000 1.220124 
4.623701 0.000000 1.235409 
4.620119 0.000000 1.250643 
4.616308 0.000000 1.265822 
4.612268 0.000000 1.280942 
4.608000 0.000000 1.296000 
4.603503 0.000000 1.310992 
4.598778 0.000000 1.325916 
4.593823 0.000000 1.340769 
4.588640 0.000000 1.355546 
4.583229 0.000000 1.370243 
4.577589 0.000000 1.384858 
4.571719 0.000000 1.399387 
4.565622 0.000000 1.413828 
4.559296 0.000000 1.428175 
4.552741 0.000000 1.442426 
4.545958 0.000000 1.456578 
4.538945 0.000000 1.470627 
4.531704 0.000000 1.484571 
4.524235 0.000000 1.498404 
4.516537 0.000000 1.512124 
4.508610 0.000000 1.525728 
4.500454 0.000000 1.539213 
4.492070 0.000000 1.552573 
4.483458 0.000000 1.565807 
4.474617 0.000000 1.578910 
4.465546 0.000000 1.591881 
4.456247 0.000000 1.604715 
4.446720 0.000000 1.617408 
4.436964 0.000000 1.629957 
4.426979 0.000000 1.642360 
4.416765 0.000000 1.654612 
4.406324 0.000000 1.666709 
4.395653 0.000000 1.678650 
4.384754 0.000000 1.690429 
4.373626 0.000000 1.702045 
4.362269 0.000000 1.713493 
4.350684 0.000000 1.724770 
4.338870 0.000000 1.735873 
4.326827 0.000000 1.746798 
4.314555 0.000000 1.757541 
4.302056 0.000000 1.768100 
4.289328 0.000000 1.778470 
4.276370 0.000000 1.788650 
4.263184 0.000000 1.798635 
4.249769 0.000000 1.808421 
4.236126 0.000000 1.818006 
4.222254 0.000000 1.827385 
4.208153 0.000000 1.836556 
4.193825 0.000000 1.845515 
4.179267 0.000000 1.854259 
4.164480 0.000000 1.862784 
4.149466 0.000000 1.871087 
4.134221 0.000000 1.879164 
4.118748 0.000000 1.887013 
4.103047 0.000000 1.894629 
4.087117 0.000000 1.902009 
4.070958 0.000000 1.909151 
4.054572 0.000000 1.916049 
4.037956 0.000000 1.922702 
4.021112 0.000000 1.929105 
4.004039 0.000000 1.935256 
3.986736 0.000000 1.941150 
3.969205 0.000000 1.946785 
3.951447 0.000000 1.952156 
3.933459 0.000000 1.957261 
3.915244 0.000000 1.962096 
3.896798 0.000000 1.966659 
3.878124 0.000000 1.970944 
3.859222 0.000000 1.974950 
3.840091 0.000000 1.978671 
3.820731 0.000000 1.982106 
3.801142 0.000000 1.985251 
3.781325 0.000000 1.988102 
3.761280 0.000000 1.990656 
3.741007 0.000000 1.992909 
3.720503 0.000000 1.994859 
3.699771 0.000000 1.996501 
3.678811 0.000000 1.997832 
3.657622 0.000000 1.998849 
3.636204 0.000000 1.999549 
3.614557 0.000000 1.999928 
3.592707 0.000000 1.999982 
3.570986 0.000000 1.999711 
3.549493 0.000000 1.999118 
3.528227 0.000000 1.998206 
3.507190 0.000000 1.996979 
3.486381 0.000000 1.995440 
3.465804 0.000000 1.993593 
3.445453 0.000000 1.991441 
3.425330 0.000000 1.988986 
3.405438 0.000000 1.986234 
3.385772 0.000000 1.983187 
3.366338 0.000000 1.979849 
3.347130 0.000000 1.976222 
3.328151 0.000000 1.972311 
3.309402 0.000000 1.968118 
3.290880 0.000000 1.963648 
3.272587 0.000000 1.958903 
3.254523 0.000000 1.953887 
3.236687 0.000000 1.948604 
3.219083 0.000000 1.943058 
3.201704 0.000000 1.937249 
3.184554 0.000000 1.931184 
3.167633 0.000000 1.924864 
3.150941 0.000000 1.918294 
3.134478 0.000000 1.911477 
3.118243 0.000000 1.904417 
3.102236 0.000000 1.897115 
3.086460 0.000000 1.889578 
3.070911 0.000000 1.881806 
3.055592 0.000000 1.873805 
3.040500 0.000000 1.865577 
3.025636 0.000000 1.857125 
3.011003 0.000000 1.848454 
2.996597 0.000000 1.839566 
2.982420 0.000000 1.830465 
2.968472 0.000000 1.821154 
2.954753 0.000000 1.811638 
2.941263 0.000000 1.801919 
2.928000 0.000000 1.792000 
2.914967 0.000000 1.781885 
2.902161 0.000000 1.771578 
2.889585 0.000000 1.761081 
2.877238 0.000000 1.750399 
2.865119 0.000000 1.739534 
2.853228 0.000000 1.728490 
2.841567 0.000000 1.717271 
2.830134 0.000000 1.705880 
2.818931 0.000000 1.694320 
2.807955 0.000000 1.682595 
2.797207 0.000000 1.670707 
2.786690 0.000000 1.658662 
2.776400 0.000000 1.646461 
2.766339 0.000000 1.634108 
2.756507 0.000000 1.621608 
2.746903 0.000000 1.608962 
2.737529 0.000000 1.596175 
2.728382 0.000000 1.583250 
2.719464 0.000000 1.570189 
2.710775 0.000000 1.556998 
2.702314 0.000000 1.543679 
2.694083 0.000000 1.530236 
2.686080 0.000000 1.516672 
2.678306 0.000000 1.502990 
2.670760 0.000000 1.489194 
2.663443 0.000000 1.475287 
2.656355 0.000000 1.461273 
2.649495 0.000000 1.447155 
2.642864 0.000000 1.432936 
2.636461 0.000000 1.418621 
2.630287 0.000000 1.404211 
2.624342 0.000000 1.389711 
2.618626 0.000000 1.375124 
2.613138 0.000000 1.360453 
2.607879 0.000000 1.345704 
2.602849 0.000000 1.330876 
2.598047 0.000000 1.315975 
2.593473 0.000000 1.301004 
2.589129 0.000000 1.285967 
2.585013 0.000000 1.270868 
2.581126 0.000000 1.255710 
2.577467 0.000000 1.240494 
2.574038 0.000000 1.225224 
2.570836 0.000000 1.209906 
2.567864 0.000000 1.194543 
2.565120 0.000000 1.179136 
2.562605 0.000000 1.163689 
2.560318 0.000000 1.148209 
2.558260 0.000000 1.132694 
2.556431 0.000000 1.117152 
2.554830 0.000000 1.101583 
2.553459 0.000000 1.085992 
2.552315 0.000000 1.070384 
2.551400 0.000000 1.054759 
2.550714 0.000000 1.039121 
2.550257 0.000000 1.023476 
2.550028 0.000000 1.007825 
2.550029 0.000000 0.992175 
2.550257 0.000000 0.976524 
2.550714 0.000000 0.960879 
2.551401 0.000000 0.945242 
2.552315 0.000000 0.929616 
2.553459 0.000000 0.914008 
2.554831 0.000000 0.898417 
2.556431 0.000000 0.882848 
2.558260 0.000000 0.867306 
2.560318 0.000000 0.851791 
2.562605 0.000000 0.836310 
2.565120 0.000000 0.820864 
2.567864 0.000000 0.805457 
2.570836 0.000000 0.790094 
2.574038 0.000000 0.774776 
2.577468 0.000000 0.759507 
2.581126 0.000000 0.744290 
2.585013 0.000000 0.729132 
2.589129 0.000000 0.714033 
2.593473 0.000000 0.698996 
2.598047 0.000000 0.684025 
2.602849 0.000000 0.669124 
2.607879 0.000000 0.654296 
2.613138 0.000000 0.639547 
2.618626 0.000000 0.624876 
2.624343 0.000000 0.610289 
2.630288 0.000000 0.595790 
2.636461 0.000000 0.581379 
2.642864 0.000000 0.567064 
2.649495 0.000000 0.552845 
2.656355 0.000000 0.538727 
2.663443 0.000000 0.524713 
2.670760 0.000000 0.510806 
2.678306 0.000000 0.497010 
2.686080 0.000000 0.483329 
2.694083 0.000000 0.469764 
2.702314 0.000000 0.456321 
2.710775 0.000000 0.443002 
2.719464 0.000000 0.429811 
2.728382 0.000000 0.416750 
2.737528 0.000000 0.403825 
2.746903 0.000000 0.391038 
2.756507 0.000000 0.378392 
2.766338 0.000000 0.365892 
2.776400 0.000000 0.353539 
2.786690 0.000000 0.341338 
2.797207 0.000000 0.329293 
2.807955 0.000000 0.317405 
2.818931 0.000000 0.305680 
2.830134 0.000000 0.294120 
2.841567 0.000000 0.282729 
2.853228 0.000000 0.271510 
2.865119 0.000000 0.260466 
2.877238 0.000000 0.249601 
2.889585 0.000000 0.238919 
2.902161 0.000000 0.228423 
2.914967 0.000000 0.218115 
2.928000 0.000000 0.208000 
2.941263 0.000000 0.198081 
2.954753 0.000000 0.188362 
2.968472 0.000000 0.178846 
2.982420 0.000000 0.169535 
2.996597 0.000000 0.160434 
3.011003 0.000000 0.151546 
3.025636 0.000000 0.142875 
3.040500 0.000000 0.134423 
3.055592 0.000000 0.126195 
3.070911 0.000000 0.118194 
3.086460 0.000000 0.110422 
3.102236 0.000000 0.102885 
3.118243 0.000000 0.095584 
3.134478 0.000000 0.088523 
3.150941 0.000000 0.081706 
3.167633 0.000000 0.075136 
3.184554 0.000000 0.068816 
3.201704 0.000000 0.062751 
3.219083 0.000000 0.056942 
3.236687 0.000000 0.051396 
3.254523 0.000000 0.046112 
3.272587 0.000000 0.041097 
3.290880 0.000000 0.036352 
3.309402 0.000000 0.031882 
3.328151 0.000000 0.027689 
3.347130 0.000000 0.023778 
3.366338 0.000000 0.020151 
3.385773 0.000000 0.016813 
3.405438 0.000000 0.013766 
3.425330 0.000000 0.011014 
3.445452 0.000000 0.008559 
3.465804 0.000000 0.006407 
3.486381 0.000000 0.004560 
3.507190 0.000000 0.003021 
3.528227 0.000000 0.001794 
3.549493 0.000000 0.000882 
3.570986 0.000000 0.000289 
3.592707 0.000000 0.000018 
3.614847 0.000000 0.000000 
3.638008 0.000000 0.000000 
3.662225 0.000000 0.000000 
3.687484 0.000000 0.000000 
3.713767 0.000000 0.000000 
3.741068 0.000000 0.000000 
3.769370 0.000000 0.000000 
3.798656 0.000000 0.000000 
3.828918 0.000000 0.000000 
3.860137 0.000000 0.000000 
3.892305 0.000000 0.000000 
3.925406 0.000000 0.000000 
3.959422 0.000000 0.000000 
3.994347 0.000000 0.000000 
4.030163 0.000000 0.000000 
4.066858 0.000000 0.000000 
4.104414 0.000000 0.000000 
4.142820 0.000000 0.000000 
4.182066 0.000000 0.000000 
4.222136 0.000000 0.000000 
4.263017 0.000000 0.000000 
4.304693 0.000000 0.000000 
4.347148 0.000000 0.000000 
4.390376 0.000000 0.000000 
4.434355 0.000000 0.000000 
4.479079 0.000000 0.000000 
4.524532 0.000000 0.000000 
4.570695 0.000000 0.000000 
4.617563 0.000000 0.000000 
4.665118 0.000000 0.000000 
4.713343 0.000000 0.000000 
4.762231 0.000000 0.000000 
4.811766 0.000000 0.000000 
4.861928 0.000000 0.000000 
4.912715 0.000000 0.000000 
4.964101 0.000000 0.000000 
5.016085 0.000000 0.000000 
5.068646 0.000000 0.000000 
5.121771 0.000000 0.000000 
5.175448 0.000000 0.000000 
5.229657 0.000000 0.000000 
5.284389 0.000000 0.000000 
5.339636 0.000000 0.000000 
5.395380 0.000000 0.000000 
5.451605 0.000000 0.000000 
5.508296 0.000000 0.000000 
5.565445 0.000000 0.000000 
5.623037 0.000000 0.000000 
5.681052 0.000000 0.000000 
5.739486 0.000000 0.000000 
5.798316 0.000000 0.000000 
5.857539 0.000000 0.000000 
5.917134 0.000000 0.000000 
5.977085 0.000000 0.000000 
6.037387 0.000000 0.000000 
6.098022 0.000000 0.000000 
6.158976 0.000000 0.000000 
6.220235 0.000000 0.000000 
6.281775 0.000000 0.000000 
6.343603 0.000000 0.000000 
6.405696 0.000000 0.000000 
6.468040 0.000000 0.000000 
6.530622 0.000000 0.000000 
6.593421 0.000000 0.000000 
6.656436 0.000000 0.000000 
6.719647 0.000000 0.000000 
6.783035 0.000000 0.000000 
6.846599 0.000000 0.000000 
6.910310 0.000000 0.000000 
6.974171 0.000000 0.000000 
7.038158 0.000000 0.000000 
7.102255 0.000000 0.000000 
7.166458 0.000000 0.000000 
7.230749 0.000000 0.000000 
7.295113 0.000000 0.000000 
7.359537 0.000000 0.000000 
7.423995 0.000000 0.000000 
7.488499 0.000000 0.000000 
7.553020 0.000000 0.000000 
7.617548 0.000000 0.000000 
7.682067 0.000000 0.000000 
7.746559 0.000000 0.000000 
7.811020 0.000000 0.000000 
7.875433 0.000000 0.000000 
7.939777 0.000000 0.000000 
8.004050 0.000000 0.000000 
8.068229 0.000000 0.000000 
8.132308 0.000000 0.000000 
8.196271 0.000000 0.000000 
8.260097 0.000000 0.000000 
8.323783 0.000000 0.000000 
8.387312 0.000000 0.000000 
8.450668 0.000000 0.000000 
8.513835 0.000000 0.000000 
8.576801 0.000000 0.000000 
8.639561 0.000000 0.000000 
8.702093 0.000000 0.000000 
8.764386 0.000000 0.000000 
8.826426 0.000000 0.000000 
8.888192 0.000000 0.000000 
8.949683 0.000000 0.000000 
9.010875 0.000000 0.000000 
9.071762 0.000000 0.000000 
9.132329 0.000000 0.000000 
9.192554 0.000000 0.000000 
9.252437 0.000000 0.000000 
9.311956 0.000000 0.000000 
9.371094 0.000000 0.000000 
9.429847 0.000000 0.000000 
9.488195 0.000000 0.000000 
9.546122 0.000000 0.000000 
9.603623 0.000000 0.000000 
9.660675 0.000000 0.000000 
9.717273 0.000000 0.000000 
9.773399 0.000000 0.000000 
9.829041 0.000000 0.000000 
9.884182 0.000000 0.000000 
9.938807 0.000000 0.000000 
9.992909 0.000000 0.000000 
10.046470 0.000000 0.000000 
10.099480 0.000000 0.000000 
10.151920 0.000000 0.000000 
10.203780 0.000000 0.000000 
10.255040 0.000000 0.000000 
10.305700 0.000000 0.000000 
10.355730 0.000000 0.000000 
10.405130 0.000000 0.000000 
10.453880 0.000000 0.000000 
10.501970 0.000000 0.000000 
10.549380 0.000000 0.000000 
10.596100 0.000000 0.000000 
10.642120 0.000000 0.000000 
10.687420 0.000000 0.000000 
10.732000 0.000000 0.000000 
10.775820 0.000000 0.000000 
10.818890 0.000000 0.000000 
10.861180 0.000000 0.000000 
10.902690 0.000000 0.000000 
10.943410 0.000000 0.000000 
10.983300 0.000000 0.000000 
11.022370 0.000000 0.000000 
11.060610 0.000000 0.000000 
11.097990 0.000000 0.000000 
11.134500 0.000000 0.000000 
11.170130 0.000000 0.000000 
11.204860 0.000000 0.000000 
11.238690 0.000000 0.000000 
11.271600 0.000000 0.000000 
11.303570 0.000000 0.000000 
11.334590 0.000000 0.000000 
11.364650 0.000000 0.000000 
11.393740 0.000000 0.000000 
11.421830 0.000000 0.000000 
11.448920 0.000000 0.000000 
11.474990 0.000000 0.000000 
11.500030 0.000000 0.000000 
11.524030 0.000000 0.000000 
11.546970 0.000000 0.000000 
11.568840 0.000000 0.000000 
11.589620 0.000000 0.000000 
11.609300 0.000000 0.000000 
11.627870 0.000000 0.000000 
11.645320 0.000000 0.000000 
11.661620 0.000000 0.000000 
11.676770 0.000000 0.000000 
11.690760 0.000000 0.000000 
11.703560 0.000000 0.000000 
11.715170 0.000000 0.000000 
11.725570 0.000000 0.000000 
11.734750 0.000000 0.000000 
11.742690 0.000000 0.000000 
11.749390 0.000000 0.000000 
11.754820 0.000000 0.000000 
11.758970 0.000000 0.000000 
11.761840 0.000000 0.000000 
11.763400 0.000000 0.000000 
11.763650 0.000000 0.000000 
11.762560 0.000000 0.000000 
11.760130 0.000000 0.000000 
11.756340 0.000000 0.000000 
11.751180 0.000000 0.000000 
11.744640 0.000000 0.000000 
11.736700 0.000000 0.000000 
11.727340 0.000000 0.000000 
11.716560 0.000000 0.000000 
11.704330 0.000000 0.000000 
11.690660 0.000000 0.000000 
11.675520 0.000000 0.000000 
11.658890 0.000000 0.000000 
11.640780 0.000000 0.000000 
11.621150 0.000000 0.000000 
11.600000 0.000000 0.000000 
